OIM1|BEGIN|340|100|6.35
OIM1|P|leftPlate|1|301875.7093467633|-176.35|0|12.7|-170|320|162.7
OIM1|C|leftPlate|6.4499999999999975|-169|70|65|-1|-0|-0|-176.35|63.55000000000001|58.550000000000004|-170|76.45|71.45
OIM1|C|leftPlate|6.4499999999999975|-169|246.2|65|-1|-0|-0|-176.35|239.74999999999997|58.550000000000004|-170|252.64999999999998|71.45
OIM1|C|leftPlate|3.299999999999997|-169|140|135|-1|-0|-0|-176.35|136.70000000000002|131.70000000000002|-170|143.3|138.3
OIM1|C|leftPlate|3.300000000000025|-169|300|135|-1|-0|-0|-176.35|296.7|131.7|-170|303.3|138.30000000000004
OIM1|C|leftPlate|6.449999999999999|-169|25|130|-1|-0|-0|-176.35|18.550000000000004|123.55000000000001|-170|31.45|136.45000000000002
OIM1|P|rightPlate|1|301875.7093467633|170|0|12.7|176.35|320|162.7
OIM1|C|rightPlate|6.4499999999999975|177.35|70|65|-1|-0|-0|170|63.55000000000001|58.550000000000004|176.35|76.45|71.45
OIM1|C|rightPlate|6.4499999999999975|177.35|246.2|65|-1|-0|-0|170|239.74999999999997|58.550000000000004|176.35|252.64999999999998|71.45
OIM1|C|rightPlate|3.299999999999997|177.35|140|135|-1|-0|-0|170|136.70000000000002|131.70000000000002|176.35|143.3|138.3
OIM1|C|rightPlate|3.300000000000025|177.35|300|135|-1|-0|-0|170|296.7|131.7|176.35|303.3|138.30000000000004
OIM1|C|rightPlate|6.449999999999999|177.35|25|130|-1|-0|-0|170|18.550000000000004|123.55000000000001|176.35|31.45|136.45000000000002
OIM1|P|frontRoller|1|1.4631178458940245e+6|-165|31.900000000000013|26.900000000000006|165|108.10000000000001|103.1
OIM1|C|frontRoller|38.099999999999994|165|70|65|-1|-0|-0|-165|31.900000000000013|26.900000000000006|165|108.10000000000001|103.1
OIM1|C|frontRoller|6.349999999999994|166|70|65|-1|-0|-0|-165|63.65000000000001|58.650000000000006|165|76.35|71.35
OIM1|P|rearRoller|1|1.4631178458940245e+6|-165|208.1|26.900000000000006|165|284.3|103.1
OIM1|C|rearRoller|38.099999999999994|165|246.2|65|-1|-0|-0|-165|208.1|26.900000000000006|165|284.3|103.1
OIM1|C|rearRoller|6.349999999999994|166|246.2|65|-1|-0|-0|-165|239.85|58.650000000000006|165|252.54999999999998|71.35
OIM1|P|frontShaft|1|47896.524461690875|-189.04999999999998|63.65000000000001|58.650000000000006|189.04999999999998|76.35|71.35
OIM1|C|frontShaft|6.349999999999994|189.04999999999998|70|65|-1|-0|-0|-189.04999999999998|63.65000000000001|58.650000000000006|189.04999999999998|76.35|71.35
OIM1|P|rearShaft|1|47896.524461690875|-189.04999999999998|239.85|58.650000000000006|189.04999999999998|252.54999999999998|71.35
OIM1|C|rearShaft|6.349999999999994|189.04999999999998|246.2|65|-1|-0|-0|-189.04999999999998|239.85|58.650000000000006|189.04999999999998|252.54999999999998|71.35
OIM1|P|frontCrossmember|1|219354.39999999997|-170|127.3|122.30000000000001|170|152.7|147.7
OIM1|P|rearCrossmember|1|219354.39999999973|-170|287.3|122.30000000000001|170|312.7|147.7
OIM1|P|coralReference|1|649551.4843768261|-150.81250000000003|-167.15|1.3877787807814457e-14|150.81250000000003|-52.85000000000001|114.3
OIM1|C|coralReference|57.14999999999999|150.81250000000003|-110|57.150000000000006|-1|-0|-0|-150.81250000000003|-167.15|1.3877787807814457e-14|150.81250000000003|-52.85000000000001|114.3
OIM1|C|coralReference|50.8|151.81250000000003|-110|57.150000000000006|-1|-0|-0|-150.81250000000003|-160.8|6.3500000000000085|150.81250000000003|-59.2|107.95
OIM1|END|9